         218
         123
          94
           7
          67
          55
          72
          54
          22
          79
         164
          59
          51
          28
         244
         199
         182
         190
         115
           0
         112
           3
         218
         236
         252
          52
          31
         209
          52
         248
         211
          89
           7
           2
         246
          17
          94
          81
         221
          25
          38
          40
         138
         137
          91
         212
         123
         151
         239
           9
          78
         146
          15
         192
          32
         117
          66
          88
         131
          31
         160
         213
         124
         250
          98
          95
          54
           5
         138
         154
         210
         227
         111
         149
           4
         214
          43
         130
         177
         206
          90
         182
         199
         132
         121
          61
          88
         206
         243
         230
         203
         171
         115
          62
         146
         155
         117
          94
         210
         102
          22
          92
         207
          19
         103
          38
         112
         253
          10
         244
          70
         222
         163
         161
         202
          55
         121
         189
          72
         132
         161
         139
         176
          83
         212
         228
         188
         160
         142
           7
         227
          54
          50
          92
          82
          29
          93
          34
         238
         167
         251
         200
         132
          37
         178
          67
         216
         160
         169
         177
